>>>>>>>>>>>>>>>>>>>>>>>>>>>>>>>
result:
database C:\_alt\data\animals320\
images count 3125
fragments count 132603815.000000
variance 0.000000
sigma -0.000189
min sigma -3.294257
max sigma 3.324326
0.000562
0.000335
0.000375
0.000426
0.000480
0.000538
0.000599
0.000670
0.000749
0.000832
0.000933
0.001030
0.001143
0.001260
0.001383
0.001520
0.001661
0.001813
0.001982
0.002144
0.002329
0.002525
0.002733
0.002951
0.003157
0.003405
0.003650
0.003912
0.004186
0.004466
0.004775
0.005086
0.005420
0.005742
0.006114
0.006501
0.006865
0.007275
0.007694
0.008133
0.008580
0.009055
0.009570
0.010081
0.010590
0.011136
0.011694
0.012286
0.012885
0.013500
0.014144
0.014802
0.015497
0.016184
0.016905
0.017617
0.018403
0.019193
0.019985
0.020809
0.021699
0.022739
0.024009
0.026300
0.033255
0.024065
0.022755
0.021695
0.020798
0.019967
0.019132
0.018363
0.017587
0.016852
0.016140
0.015441
0.014768
0.014083
0.013462
0.012833
0.012241
0.011680
0.011088
0.010564
0.010040
0.009536
0.009062
0.008584
0.008128
0.007689
0.007275
0.006877
0.006484
0.006114
0.005752
0.005422
0.005092
0.004777
0.004485
0.004199
0.003918
0.003663
0.003415
0.003179
0.002957
0.002735
0.002538
0.002341
0.002162
0.001989
0.001824
0.001673
0.001522
0.001389
0.001260
0.001141
0.001030
0.000925
0.000839
0.000744
0.000667
0.000599
0.000535
0.000477
0.000424
0.000376
0.000331
0.004041
