>>>>>>>>>>>>>>>>>>>>>>>>>>>>>>>
result:
database C:\_alt\data\animals320\
images count 3125
fragments count 132603815.000000
variance 0.000032
sigma -0.005637
min sigma -1.999337
max sigma 1.999316
0.000016
0.000021
0.000039
0.000071
0.000121
0.000188
0.000286
0.000444
0.000743
0.001246
0.001665
0.002015
0.002317
0.002553
0.002706
0.002804
0.002909
0.003001
0.003139
0.003265
0.003428
0.003621
0.003818
0.004023
0.004228
0.004486
0.004739
0.004985
0.005274
0.005549
0.005853
0.006144
0.006481
0.006789
0.007143
0.007474
0.007817
0.008187
0.008549
0.008932
0.009322
0.009708
0.010113
0.010523
0.010939
0.011333
0.011754
0.012170
0.012602
0.013023
0.013464
0.013937
0.014398
0.014860
0.015343
0.015806
0.016319
0.016846
0.017369
0.017887
0.018378
0.018862
0.019303
0.019823
0.025997
0.019590
0.019308
0.018970
0.018628
0.018236
0.017800
0.017381
0.016959
0.016482
0.016017
0.015538
0.015054
0.014531
0.014042
0.013540
0.013047
0.012526
0.012092
0.011627
0.011164
0.010703
0.010256
0.009797
0.009358
0.008930
0.008525
0.008102
0.007699
0.007331
0.006927
0.006590
0.006251
0.005916
0.005578
0.005286
0.004963
0.004663
0.004369
0.004075
0.003816
0.003560
0.003311
0.003082
0.002844
0.002627
0.002415
0.002204
0.002004
0.001798
0.001582
0.001370
0.001143
0.000929
0.000726
0.000541
0.000387
0.000268
0.000176
0.000111
0.000059
0.000030
0.000014
0.000008
