>>>>>>>>>>>>>>>>>>>>>>>>>>>>>>>
result:
database C:\_alt\data\animals320\
images count 3125
fragments count 132603815.000000
variance 763.180175
sigma 27.625716
min sigma 0.000000
max sigma 114.073984
0.020287
0.016258
0.016752
0.015152
0.014106
0.013874
0.014053
0.014513
0.015269
0.015936
0.016773
0.017430
0.018293
0.019172
0.019850
0.020576
0.021223
0.021751
0.022241
0.022795
0.023258
0.023625
0.023815
0.023823
0.023794
0.023726
0.023499
0.023134
0.022695
0.022218
0.021743
0.021114
0.020530
0.019945
0.019369
0.018660
0.017907
0.017171
0.016428
0.015709
0.014971
0.014251
0.013506
0.012802
0.012142
0.011431
0.010768
0.010151
0.009583
0.009017
0.008452
0.007878
0.007342
0.006819
0.006348
0.005881
0.005439
0.005038
0.004650
0.004294
0.003972
0.003661
0.003372
0.003092
0.002834
0.002579
0.002369
0.002145
0.001948
0.001750
0.001573
0.001402
0.001246
0.001110
0.000994
0.000895
0.000788
0.000698
0.000613
0.000543
0.000473
0.000411
0.000354
0.000306
0.000266
0.000229
0.000196
0.000169
0.000146
0.000123
0.000099
0.000084
0.000070
0.000055
0.000046
0.000035
0.000024
0.000019
0.000015
0.000012
0.000010
0.000010
0.000008
0.000006
0.000006
0.000005
0.000002
0.000001
0.000001
0.000001
0.000000
0.000001
0.000000
0.000000
0.000000
0.000000
0.000000
0.000000
0.000000
0.000000
0.000000
0.000000
0.000000
0.000000
0.000000
0.000000
0.000000
0.000000
