>>>>>>>>>>>>>>>>>>>>>>>>>>>>>>>
result:
database C:\_alt\data\animals320\
images count 3125
fragments count 132603815.000000
variance 0.000007
sigma -0.002591
min sigma -1.999522
max sigma 1.999699
0.000004
0.000007
0.000017
0.000033
0.000061
0.000097
0.000154
0.000220
0.000295
0.000388
0.000495
0.000614
0.000752
0.000902
0.001054
0.001221
0.001381
0.001541
0.001716
0.001901
0.002102
0.002306
0.002518
0.002747
0.002981
0.003227
0.003494
0.003768
0.004053
0.004356
0.004679
0.005012
0.005363
0.005746
0.006158
0.006589
0.007036
0.007482
0.007941
0.008429
0.008914
0.009420
0.009905
0.010457
0.010978
0.011534
0.012087
0.012711
0.013323
0.013974
0.014670
0.015369
0.016087
0.016822
0.017571
0.018395
0.019189
0.020026
0.020843
0.021629
0.022442
0.023216
0.023988
0.025130
0.031367
0.024007
0.023272
0.022523
0.021742
0.020952
0.020131
0.019274
0.018508
0.017728
0.016964
0.016251
0.015499
0.014773
0.014124
0.013434
0.012778
0.012120
0.011519
0.010911
0.010354
0.009848
0.009310
0.008794
0.008279
0.007773
0.007306
0.006868
0.006419
0.006036
0.005629
0.005259
0.004913
0.004594
0.004267
0.003983
0.003692
0.003416
0.003155
0.002910
0.002680
0.002459
0.002247
0.002040
0.001848
0.001669
0.001487
0.001331
0.001161
0.001017
0.000878
0.000727
0.000599
0.000482
0.000368
0.000275
0.000199
0.000134
0.000085
0.000052
0.000028
0.000015
0.000009
0.000005
