>>>>>>>>>>>>>>>>>>>>>>>>>>>>>>>
result:
database C:\_alt\data\animals320\
images count 3125
fragments count 132603815.000000
variance 0.021821
sigma 0.147719
min sigma -21.574135
max sigma 22.348841
0.000000
0.000000
0.000000
0.000000
0.000000
0.000000
0.000000
0.000000
0.000000
0.000000
0.000000
0.000000
0.000000
0.000000
0.000000
0.000000
0.000000
0.000000
0.000000
0.000000
0.000000
0.000000
0.000000
0.000001
0.000001
0.000001
0.000002
0.000004
0.000005
0.000008
0.000013
0.000020
0.000030
0.000046
0.000070
0.000110
0.000172
0.000267
0.000417
0.000639
0.000957
0.001418
0.002060
0.002950
0.004162
0.005774
0.007888
0.010714
0.014425
0.019034
0.024137
0.029271
0.034021
0.038177
0.041776
0.044803
0.047345
0.049499
0.051633
0.053527
0.059767
0.052900
0.050395
0.048013
0.045457
0.041997
0.038217
0.034009
0.029583
0.025159
0.020823
0.016650
0.012891
0.009934
0.007609
0.005766
0.004339
0.003219
0.002368
0.001706
0.001207
0.000836
0.000571
0.000389
0.000266
0.000178
0.000122
0.000082
0.000055
0.000037
0.000026
0.000017
0.000011
0.000008
0.000004
0.000003
0.000002
0.000001
0.000001
0.000001
0.000000
0.000000
0.000000
0.000000
0.000000
0.000000
0.000000
0.000000
0.000000
0.000000
0.000000
0.000000
0.000000
0.000000
0.000000
0.000000
0.000000
0.000000
0.000000
0.000000
0.000000
0.000000
0.000000
0.000000
0.000000
0.000000
0.000000
0.000000
